0 0.48625 0.205 0.0891757957081822 0.0150440539659348
2 0.86 0.3325 0.27565394174485447 0.22138052111514436
3 0.57 0.3175 0.2838165918687522 0.22145179326019487
5 0.445 0.9425 0.07922699619331496 0.03686600091203076
4 0.92 0.96875 0.08368361701907745 0.04955948193137615
3 0.04125 0.58375 0.08652336234498553 0.6955072023772835
2 0.21625 0.59875 0.2986341588388669 0.6987102253843289
0 0.28625 0.95 0.079049519750726 0.011977943888692834
3 0.58375 0.09125 0.27626033665333394 0.13270363042231514
2 0.8675 0.12375 0.26150712487238437 0.10150446896182956
0 0.96125 0.175 0.07334927823125355 0.008376588803535192
3 0.06 0.0625 0.08225395059784603 0.12751355663879005
0 0.3325 0.14125 0.07890697546062513 0.009482010971853807
2 0.24625 0.07 0.2669529864439204 0.14340724498503254
