0 0.57 0.75375 0.08919724634275404 0.015443918364013456
2 0.18 0.67125 0.2834310770715022 0.22255531429539893
3 0.47375 0.65125 0.28467870679692386 0.2226322562751263
5 0.52375 0.0175 0.07935353444905133 0.037208775604056776
4 0.04875 0.04625 0.08378890144286216 0.04866826907203342
3 0.96 0.335 0.07610097797936972 0.6728615051721331
2 0.7925 0.34 0.30167118777827556 0.6826876722582527
3 0.48625 0.87875 0.27672056678544016 0.1338966618107365
2 0.195 0.88125 0.2747970172922568 0.1027059186751957
0 0.0975 0.84 0.08132675809158751 0.008744117858541359
0 0.73 0.79875 0.0789084406204718 0.00983786362450843
2 0.8275 0.88625 0.26956982418219383 0.19932855944053643
