0 0.565 0.74125 0.08905491621309829 0.013220358017859724
2 0.905 0.64625 0.18363275208822968 0.2125221075911775
3 0.65875 0.63625 0.2798191065985784 0.2160217798629015
5 0.5925 0.01 0.07808505703176337 0.020306346025867228
3 0.095 0.3325 0.19464419598063956 0.6693585231899228
2 0.33125 0.33375 0.2843257804235305 0.67208979765844
3 0.65125 0.8625 0.2740937891919149 0.12723956538526224
2 0.89625 0.85625 0.18051869775608467 0.09264690810128443
3 0.08125 0.88125 0.16694153516793986 0.21006921101002207
0 0.405 0.78875 0.07887972757453092 0.007860061963117034
2 0.31125 0.89 0.2659872982328995 0.2130234798108279
