1 0.1275 0.995 0.04634295361933706 0.006724675383384664
2 0.8225 0.72375 0.3503835874660086 0.5207246304563246
3 0.3575 0.74125 0.5175482362104918 0.49780805301114434
3 0.00375 0.72 0.010083763440701943 0.5437531057841327
2 0.0175 0.7225 0.028186029462517307 0.5377295082956765
3 0.35125 0.17 0.5155637028055146 0.34266041649343704
2 0.82125 0.16625 0.3505774482445797 0.3355290037698597
1 0.12 0.345 0.04632681920141041 0.006846452802715248
3 0.0 0.17375 0.0017100005367729487 0.33877018345085025
2 0.01125 0.17375 0.025441887608677768 0.3377461694339374
