3 0.07375 0.3125 0.14297630272709783 0.24764927083356456
2 0.06875 0.08625 0.0933115023401222 0.1771456348458803
2 0.4225 0.67625 0.1807567408540134 0.3038337473088701
3 0.4025 0.92 0.17057288521003158 0.155619604051965
3 0.79 0.36875 0.41658893553451337 0.27271404347168315
0 0.61125 0.02625 0.009497280743104852 0.04285460024956123
1 0.5775 0.46 0.009206756694020157 0.023009785455312654
2 0.8 0.12625 0.3966101688186039 0.24031013531606116
0 0.56875 0.58875 0.011708840053334484 0.08762549824044222
3 0.755 0.9275 0.42874994982129083 0.14105255816893064
2 0.775 0.70375 0.4387417019391582 0.32371646226172224
