3 0.15 0.91125 0.24786114064164333 0.13733952452469111
2 0.005 0.92125 0.013882714460365153 0.073884994747593
0 0.93625 0.52125 0.09529376618314728 0.015535898882254031
2 0.51625 0.56875 0.3049182198519803 0.18300262269204326
3 0.83375 0.5975 0.30502431144047376 0.1842481123848353
3 0.21125 0.20375 0.2765567423851104 0.4102840950857777
1 0.30125 0.4125 0.023055364001215536 0.009382586749633787
2 0.04875 0.1925 0.08475132969515299 0.3882170446791393
0 0.42875 0.4225 0.08760864484940889 0.012408369965709553
3 0.8475 0.24125 0.30068969389613714 0.4495374169495163
2 0.54625 0.2175 0.32751572820108615 0.439699074467594
1 0.975 0.46875 0.026791833079591213 0.009700861515114028
