3 0.045 0.66 0.09458689745561655 0.2463092252647102
2 0.01125 0.87625 0.02551012145499393 0.16384599884708068
2 0.4225 0.35625 0.18276951459943738 0.30480631396991503
3 0.445 0.095 0.17561130365237182 0.19295747871951996
3 0.75875 0.72125 0.4624544021639893 0.2776884068554154
1 0.54125 0.595 0.009364321755419666 0.0230506917782769
2 0.73875 0.92 0.4531351670832049 0.15647559832168695
0 0.55375 0.46625 0.0123356283015913 0.08761066342730643
3 0.78875 0.12 0.4183174241220605 0.23160201347128606
2 0.77625 0.3875 0.4436488290987276 0.3286520656734963
