3 0.31375 0.58875 0.6317873613077557 0.3142737093789502
2 0.33 0.86 0.6271209933797222 0.2763241867503518
3 0.0325 0.07625 0.06756256364062757 0.0933290291404068
2 0.0075 0.2725 0.018789335532432894 0.26008457263166024
0 0.76875 0.94 0.008407365862631905 0.07871534745449381
2 0.87625 0.83625 0.2444626567249317 0.28430002498662377
3 0.8525 0.5475 0.24224351122834434 0.2871945158526495
2 0.9425 0.2025 0.0880828263323555 0.2644290752430911
3 0.9275 0.02625 0.07628000562395443 0.05512389957282199
4 0.72625 0.3075 0.022118532000585417 0.07974802510866898
