3 0.6675 0.315 0.21874999999999992 0.555
0 0.97125 0.03125 0.05375 0.006249999999999995
1 0.57 0.03125 0.02000000000000007 0.00875
2 0.89625 0.28125 0.205 0.4875
2 0.3325 0.555 0.315 0.16500000000000006
3 0.0725 0.55375 0.14875000000000005 0.16625000000000006
4 0.43875 0.04625 0.09500000000000014 0.03625
0 0.97125 0.6975 0.05375 0.005
3 0.66875 0.85 0.2175 0.2975
2 0.89625 0.85 0.20375 0.29625
0 0.43875 0.6975 0.09500000000000014 0.005
2 0.33 0.85 0.31500000000000006 0.2975
3 0.07375 0.85 0.15000000000000002 0.2975
