3 0.86375 0.30375 0.2627535726009279 0.5683934920515429
2 0.985 0.28125 0.026590370740984925 0.48553333036415647
0 0.0575 0.56375 0.10401664035388081 0.015873292796961706
2 0.50875 0.51375 0.3273220848761133 0.1899558289432526
3 0.1675 0.48625 0.3274232644266788 0.19120172729325852
4 0.65625 0.02125 0.09671186561175489 0.03260761284308661
3 0.81875 0.83875 0.2442059711042421 0.3198526391406878
0 0.60375 0.665 0.0950929928027088 0.01267323924299248
1 0.015 0.61625 0.0291615598029622 0.008556621413033127
2 0.48125 0.8225 0.3413860424047011 0.35121829981595565
3 0.15625 0.80125 0.31625976402625966 0.36313569959407066
