3 0.6775 0.17375 0.29285528071066347 0.3515834020676859
2 0.90625 0.16375 0.16410701316866977 0.3306082936739294
0 0.01375 0.4125 0.031770436284049186 0.0071911642852818146
2 0.34875 0.33625 0.26468377338220206 0.12374117368676629
3 0.1 0.35 0.2036800848236474 0.12212931447168447
4 0.41625 0.00625 0.07780649843350965 0.012033285242306235
3 0.70875 0.71125 0.30796432409555585 0.5640100468755974
2 0.925 0.69875 0.14597532834434376 0.5561641849262418
1 0.5675 0.43875 0.02422238274632484 0.010128122776781155
3 0.1175 0.73125 0.23982971044077228 0.5329023105438714
0 0.44375 0.445 0.07787982424612032 0.01328113271904563
2 0.37 0.72375 0.2868242428035964 0.5491073151308584
