3 0.6375 0.1475 0.2964287101252647 0.29924601567657716
2 0.88125 0.13375 0.1977060392754106 0.2712696649302714
2 0.31125 0.28875 0.266841229320179 0.12973020387675477
3 0.08125 0.3075 0.16706353181366518 0.12447778879396403
3 0.6825 0.6825 0.32502393251300465 0.6232404128524529
2 0.9075 0.6625 0.18207477853883275 0.6146793551459475
1 0.5325 0.385 0.0243910228080901 0.010679920263747604
3 0.10875 0.71 0.2223493984484467 0.5769909936036848
0 0.40875 0.39625 0.07795772035559502 0.015115167027358822
2 0.34375 0.69875 0.30281494818873256 0.5997860990631749
