3 0.85625 0.3925 0.2838794003932689 0.28849618528166837
2 0.84125 0.12 0.2815701309363544 0.24491143028399262
2 0.76875 0.73625 0.12436471251532993 0.264914237423771
3 0.78125 0.93375 0.11560187724884471 0.10154692475800048
0 0.60875 0.0275 0.011612436848832246 0.05997958527146741
3 0.31625 0.42625 0.6368621438952757 0.31447623036108946
2 0.3075 0.1425 0.6186751335017486 0.2885199661363951
1 0.64125 0.53125 0.010185538547803574 0.02424049103864739
3 0.34375 0.94625 0.6396199386522601 0.10401042457493219
0 0.64875 0.655 0.013471426980247543 0.07788995922994957
2 0.35375 0.76375 0.6044853541049566 0.2905914151427714
