3 0.3175 0.865 0.19567285757714792 0.26748846061071246
2 0.1325 0.87625 0.19502937265737053 0.24403624094876222
2 0.6575 0.87 0.3784060569389072 0.2572712446749374
3 0.9275 0.85625 0.14249202075576023 0.22224416134549643
3 0.275 0.37125 0.2234083774670046 0.5989956353573541
0 0.05625 0.68875 0.05170450330645049 0.0118694911059589
2 0.09875 0.4225 0.2024456735385447 0.5265484802273379
3 0.9125 0.505 0.17106143134641755 0.21217378832000391
2 0.63 0.55625 0.36883694143664125 0.17762888287428155
0 0.5125 0.645 0.10899247515491303 0.016802875490918013
