1 0.87 0.01875 0.04627836441335191 0.00890118635002457
2 0.17125 0.33125 0.34544635327698864 0.6098748629218244
3 0.63875 0.315 0.5156437985965728 0.5816768131751175
3 0.9925 0.3625 0.011547649959793915 0.6762790837174089
2 0.97625 0.3575 0.022178467609182774 0.6663118362338548
3 0.64 0.84875 0.5104387107018887 0.13666693006861677
2 0.17125 0.8325 0.3440751528080706 0.10112349539644384
1 0.8725 0.77625 0.04627018964962844 0.006401199715412816
3 0.99375 0.88625 0.009087046079048804 0.22003152290073957
2 0.97875 0.8875 0.020715184902693126 0.2188142286383271
