3 0.97375 0.84375 0.02647009436089647 0.22297773601317744
3 0.84 0.16875 0.31641184890802904 0.3214408994565909
2 0.835 0.5 0.3260924677785924 0.3235502567163101
3 0.2925 0.8075 0.5877736426251583 0.25187480117957006
2 0.28625 0.96 0.5753798176060195 0.07622724279185121
1 0.59125 0.72375 0.00977114377208018 0.02042517253636035
0 0.59625 0.59125 0.011082998627019123 0.09394766679364366
1 0.6275 0.015 0.008651913970245886 0.022857285655952908
2 0.31125 0.47 0.5876802622466365 0.3379024767729538
3 0.34375 0.1525 0.5587104182057148 0.3091113956979741
