0 0.6 0.415 0.1276297315025613 0.010185054553941057
2 0.12125 0.49375 0.24551902467104747 0.17509862848258165
3 0.46875 0.5025 0.3935220357112464 0.17943017669032416
3 0.93875 0.73375 0.11937303189585009 0.5279974084071063
2 0.80125 0.73625 0.15363668431743974 0.5249886643055599
3 0.47625 0.1775 0.3999198584874708 0.3598115315038947
1 0.6475 0.36125 0.03515027074258988 0.008235865608531227
2 0.1275 0.1725 0.2524262698574433 0.34965875685107695
3 0.945 0.28 0.10570236888682658 0.15975664181090626
2 0.81125 0.2975 0.1449180148454036 0.11922699176289278
0 0.76 0.36 0.04384564705919772 0.0059208034612058215
