0 0.74625 0.5175 0.12772039092719026 0.014932672439119941
2 0.20125 0.39625 0.3992617622627077 0.19248427836791213
3 0.6225 0.42125 0.3993347570778339 0.19373214525062224
2 0.9425 0.25 0.11148934063752534 0.45587460595212115
3 0.60125 0.7775 0.4173053916499807 0.4408114727044733
0 0.06 0.5325 0.11759146623525707 0.011852980152691046
1 0.78875 0.575 0.035378241606640444 0.009531056119790762
2 0.19375 0.75 0.39013558458308284 0.43068086333529587
2 0.9325 0.65125 0.12034440413334678 0.12269414826851495
0 0.90125 0.585 0.04396732015535932 0.007546286060253138
