0 0.62375 0.57875 0.12753114136404833 0.008049466268198628
2 0.13375 0.67 0.2694802183012144 0.1711567565035879
3 0.495 0.66875 0.39073447968228836 0.17292934278881197
3 0.95625 0.81125 0.08319355517657329 0.37035753294941626
2 0.83375 0.815 0.14406647008147644 0.36436080853944935
3 0.49375 0.2875 0.39450593175401183 0.4679373779066695
1 0.67 0.52375 0.035032000546845694 0.0076507833373802465
2 0.13375 0.31625 0.27009372566836 0.4099099264902976
3 0.95625 0.435 0.08435727832598915 0.15785950674773475
2 0.83125 0.45625 0.14299972386117857 0.11686310743396142
0 0.7825 0.52 0.043771144058450916 0.005188519808749348
