3 0.83 0.36625 0.3359603265648984 0.24729086658726213
2 0.865 0.11625 0.2662694489939584 0.2273685559585914
3 0.80625 0.9325 0.37108566680187194 0.13018673220761798
2 0.815 0.7025 0.365207728199412 0.2977121557448982
3 0.4675 0.36 0.1742894518243645 0.24178502427887819
2 0.49375 0.11 0.12900296548773282 0.22347211186354124
1 0.555 0.47 0.007883031363684054 0.021382145854586837
0 0.5625 0.0275 0.007266130708337002 0.0563538197661651
0 0.555 0.59875 0.006604023269945358 0.08882590244180748
2 0.31 0.695 0.48396091529788193 0.30110927355747186
3 0.3175 0.92875 0.4572989610501329 0.138543377986571
