3 0.7775 0.65875 0.44046939197888535 0.24895585044678398
2 0.8125 0.895 0.37091695452505 0.20157236035441697
3 0.75375 0.0775 0.4764847130103884 0.1595917201844002
2 0.7625 0.3225 0.4700392180709926 0.2993649135444008
3 0.3625 0.66625 0.17416337779411462 0.24169637598808982
2 0.38875 0.90125 0.12840258744301813 0.19410376464421744
1 0.45 0.55625 0.007871737393126424 0.021378337031921647
0 0.4575 0.98375 0.006753538878366854 0.028010972120462725
0 0.45 0.4275 0.006556603472888227 0.08882407400009441
2 0.2225 0.33 0.4495470672305125 0.30035150304354874
3 0.22 0.0825 0.44401948857482665 0.1666220972938331
