3 0.275 0.18625 0.2427469166834452 0.3770890386836093
2 0.0675 0.15375 0.1374896696329364 0.3110572523761032
3 0.88875 0.205 0.2183948826654465 0.4108652888728198
2 0.61125 0.19875 0.2928408190941644 0.4022731510344872
3 0.27375 0.5725 0.23942308266875792 0.17094658813719435
2 0.06625 0.54875 0.1362925708665772 0.12553997894100724
1 0.3825 0.4825 0.021279610353059867 0.007584311446747165
0 0.51125 0.48125 0.08876915237049154 0.005352331759314097
2 0.61125 0.72375 0.2943985136429973 0.47990756246486965
3 0.88875 0.71375 0.21925415655921726 0.45585997120917915
