3 0.59375 0.1225 0.3759351255559033 0.23109239156126815
2 0.90125 0.105 0.1928888441182386 0.1680466073630445
1 0.42875 0.0025 0.034068804844540994 0.009204988754043908
3 0.08125 0.31875 0.16685155283104902 0.6418285799950033
2 0.2475 0.31875 0.18154695641176422 0.6414566494851379
1 0.4025 0.7575 0.03389975459359839 0.006138230577959831
2 0.8825 0.88625 0.21153661063352602 0.22388599392847708
3 0.56875 0.88 0.37894084700078 0.2373677514411513
3 0.06875 0.86625 0.14119817725050576 0.23868786723481974
0 0.28875 0.75375 0.048891178745889656 0.006645381330787643
2 0.22875 0.8725 0.1690609088687004 0.23906823029944063
