0 0.2325 0.865 0.12391104237158114 0.012243253017885678
2 0.77125 0.74 0.38526889748484117 0.2318790769440505
3 0.3575 0.745 0.38529157322786234 0.23312887125139817
5 0.21875 0.05875 0.11061681985118298 0.03698970599160344
4 0.8875 0.04625 0.11591078173984969 0.05332773495920712
2 0.0475 0.42375 0.09785050392864092 0.7503047950847779
0 0.05875 0.0425 0.04637844382998835 0.008337768335872187
0 0.9025 0.90625 0.11504910350504176 0.005835551279998867
2 0.7725 0.9525 0.38268386278041716 0.08940252590642572
3 0.3625 0.95625 0.38268386278041716 0.08340770383769282
0 0.075 0.92125 0.0463104166009245 0.004588385413829456
2 0.05375 0.96125 0.0952084963474511 0.07394929055664833
