0 0.39625 0.19 0.1241021283436367 0.01640596720742714
2 0.865 0.33125 0.2652356270897506 0.2386382546537887
3 0.51625 0.315 0.3924732309641866 0.24572241798737376
5 0.355 0.985 0.11056516917021476 0.019437648208806876
3 0.04625 0.605 0.09669539009469846 0.7420998309536608
2 0.1625 0.615 0.1889793621589356 0.7381114365237841
2 0.87125 0.08875 0.2530129599393199 0.1563790158268165
3 0.53 0.075 0.3881287676084639 0.15335616589654466
0 0.24 0.12875 0.046382258499507216 0.006144132360703605
3 0.0625 0.05875 0.09102931331352439 0.12138869672682173
2 0.1925 0.0625 0.15837359045891702 0.1286347781934573
