0 0.25375 0.1375 0.12398163207143924 0.013463944410777539
2 0.79625 0.23875 0.3874054940178693 0.23559548349498236
3 0.3825 0.2525 0.38744052302476 0.23684499258605626
5 0.27625 0.94375 0.11093761220744217 0.03806880715645633
4 0.9425 0.925 0.11105365321484556 0.0544525413679797
2 0.07 0.58875 0.1428258095365948 0.7520989622698879
0 0.1175 0.9675 0.04644201041107783 0.008793127801401823
0 0.92125 0.065 0.11505992339946843 0.006971195907172874
2 0.78875 0.035 0.38327207120475804 0.07451331659686267
3 0.37875 0.04125 0.3832720712047579 0.0860028308570364
0 0.09375 0.08875 0.04633692339040551 0.005044600528180272
2 0.0575 0.04875 0.11951998479723641 0.07989810027903728
