3 0.02 0.34125 0.03986606670354709 0.2348330748944193
2 0.26875 0.69625 0.15267977999887805 0.3047076256715224
3 0.25125 0.925 0.14005274568937953 0.12264497710090878
0 0.4425 0.035 0.011078268247842473 0.07026468144864284
3 0.70625 0.38875 0.5831168649498878 0.2760730520711079
2 0.71625 0.135 0.5642266070888721 0.2739706861132955
1 0.41125 0.475 0.00895229777181619 0.021717994736694734
0 0.4025 0.60375 0.012462052829705356 0.0902167525248744
2 0.68125 0.72625 0.581649308137858 0.33445899418157343
3 0.65125 0.9375 0.5428351805408055 0.12047022527682742
