0 0.085 0.70625 0.09769992504245882 0.01266552980921972
2 0.50875 0.7475 0.30434226798169567 0.15174629845355397
3 0.1875 0.77 0.3055895474839675 0.15182872322660346
3 0.81625 0.3 0.2765360885888927 0.6043969165243722
2 0.965 0.29125 0.06507524632171795 0.5863349833200049
1 0.73 0.60625 0.021698300176920073 0.008884898155472882
0 0.60125 0.615 0.09021624802882719 0.012170981170922772
1 0.045 0.6525 0.026687418186007675 0.009214597247670753
2 0.48 0.335 0.332696389910719 0.5808104472351016
3 0.1625 0.37125 0.32946938461481373 0.554617577687391
