3 0.50125 0.91375 0.3833139521659607 0.1678754167266686
2 0.14625 0.9225 0.2757503709070307 0.1522442474912876
2 0.83875 0.85125 0.15317074665838376 0.11556362396217779
3 0.96125 0.8475 0.07373713656534037 0.11360133428248645
3 0.48625 0.3875 0.4028333620629522 0.7158216735346017
2 0.13625 0.4025 0.2758247676973691 0.7012696068455935
1 0.67 0.74 0.03523957814762767 0.009763785353423487
0 0.78375 0.73625 0.045199012953633544 0.00880502324762773
2 0.82625 0.41125 0.169609794015078 0.6378791282323517
3 0.95125 0.42375 0.09321467857116544 0.604643707655582
