3 0.4875 0.15125 0.4023029398914929 0.3059338377723789
2 0.84625 0.1725 0.3038945841160954 0.31508097022139714
2 0.14 0.23375 0.15893653294571186 0.12363040860583276
3 0.03625 0.225 0.04186413084180152 0.11361528675833064
0 0.97375 0.4225 0.04827591794507043 0.012267179742138907
3 0.44 0.6825 0.43320797475771383 0.6306623026689725
2 0.8175 0.70125 0.36202713227589167 0.5941508374176204
1 0.29375 0.36375 0.03561843736002132 0.011701385387845065
0 0.18 0.35375 0.04547550220027439 0.011308285097165296
2 0.1025 0.66 0.20269297995908686 0.6206719358537874
3 0.02 0.6475 0.04357715250763494 0.6030775636395731
