3 0.49625 0.8025 0.409318507647639 0.39086576856413635
2 0.145 0.77875 0.29477805700970283 0.39356296361831894
2 0.8475 0.67875 0.15899346497794908 0.12371169141316869
3 0.95875 0.6875 0.05811695684580954 0.11502304324061655
0 0.0175 0.48875 0.039229704930913156 0.010904886300179016
3 0.54375 0.27125 0.42635581502779796 0.5459557939846736
2 0.17125 0.2525 0.3461354442486759 0.5092049414754533
1 0.69375 0.54875 0.03562176252972549 0.011721206243906507
0 0.80625 0.5575 0.045477607182621255 0.011333955345737081
2 0.88125 0.29375 0.19585158474855874 0.5372881031174015
3 0.97125 0.3025 0.052667187357052114 0.5284921876834601
