3 0.5075 0.2 0.3639585083988694 0.3905973114767336
2 0.84 0.18125 0.2973434386295783 0.3654157459355501
3 0.03375 0.225 0.07157249769365193 0.3510514833278156
0 0.2225 0.03375 0.058868019906604514 0.007906831409820625
2 0.1675 0.19375 0.21364451091311543 0.3178833055656279
0 0.975 0.42125 0.03918430535548168 0.010229084618672744
1 0.37125 0.46375 0.0318804759849354 0.012190925883905237
2 0.85875 0.7025 0.27822579593076485 0.5556484606513604
3 0.545 0.7225 0.3772609587129875 0.5515886435855042
3 0.05625 0.74375 0.11651505559668408 0.507621170765181
2 0.20625 0.7375 0.2301323132207368 0.5223360911042407
0 0.255 0.47125 0.05788709927398816 0.011558746095093895
