3 0.4575 0.08 0.3433305851912564 0.164787447179563
2 0.82 0.0725 0.33564765471435193 0.1476252824774204
2 0.1175 0.0575 0.195282927880565 0.10194411125024928
0 0.94125 0.21375 0.09768020709769829 0.010402352586234294
1 0.3075 0.23125 0.03153413839710595 0.010926867193010316
2 0.8275 0.55125 0.3417585962515095 0.6684037793106339
3 0.47125 0.54625 0.3585124117382955 0.6361044767817022
3 0.015 0.5925 0.03416570267415575 0.6928256989937956
2 0.1325 0.585 0.2128287883393906 0.6904326033049023
0 0.19 0.235 0.05769797409186193 0.009210277141048629
