3 0.18125 0.50625 0.36506422439874986 0.36014893773969286
2 0.16625 0.165 0.33607422085186656 0.312352419448805
3 0.195 0.9725 0.3369103436225033 0.051769676151992884
2 0.165 0.8475 0.30389348857524356 0.21029880103779733
0 0.39375 0.0325 0.011057512471151512 0.05785485623987457
1 0.43125 0.64625 0.011921989136298805 0.0318108602380061
2 0.69125 0.1475 0.587147342731473 0.29849687447830786
3 0.7075 0.47375 0.5811243599699518 0.3747526903091196
3 0.72625 0.95125 0.5426089020988335 0.09315826293688417
2 0.72 0.81125 0.5554991561444094 0.22753757452043488
0 0.43875 0.7625 0.011057512471151583 0.05785485623987455
