0 0.97875 0.94625 0.009045797152468964 0.06129155657273984
3 0.55 0.66 0.8409745156586911 0.2078056693511189
2 0.5575 0.87875 0.8284686227656504 0.20649529633385072
1 0.9775 0.565 0.010090464712118462 0.018798091282163584
3 0.57125 0.06625 0.7943868847854987 0.13530623533655023
0 0.9775 0.4325 0.00922695996448141 0.09879111897066067
2 0.62125 0.32 0.6990740158262344 0.3308658065786089
3 0.02625 0.6625 0.05472161319482072 0.20150731823272558
2 0.02625 0.88 0.05472765195522111 0.20275730364598957
3 0.0225 0.06625 0.049479841080492415 0.13274604298240356
2 0.02375 0.3225 0.05118881027381173 0.3277437674515909
0 0.05125 0.4375 0.0029770328981615357 0.09876092516865853
