0 0.04625 0.97375 0.011570971523725264 0.048798733993989034
3 0.46 0.6725 0.8485178366827778 0.24234814609701075
2 0.46375 0.885 0.8359734278238717 0.2270028862680269
1 0.02875 0.59875 0.010855741819617126 0.019192063694077534
3 0.4075 0.08125 0.7995446849858527 0.16573339187526348
0 0.02125 0.4675 0.013303819550117335 0.09904884454456749
2 0.37125 0.33625 0.7118884564283688 0.35938113145118417
3 0.975 0.6475 0.04593962273509817 0.20328772328853625
2 0.98 0.86625 0.035889104182025025 0.20453638801433882
3 0.955 0.05875 0.052785417354987346 0.12191442730109958
2 0.96625 0.30875 0.061334134285187504 0.32928733739284477
0 0.94625 0.42375 0.007060495921104177 0.09876003654016884
