2 0.95 0.2625 0.09541448442663437 0.5277424754066717
3 0.83375 0.2525 0.20466244560812924 0.508384138772634
3 0.13375 0.08625 0.27006966403278054 0.13953658427394125
2 0.475 0.03 0.371519533415956 0.06416005764836574
2 0.99 0.9325 0.015444493257909642 0.0528241553712094
3 0.89125 0.9425 0.16358907594148292 0.06306988352822969
5 0.8175 0.6975 0.04722927750477396 0.017530425200858277
0 0.66125 0.70375 0.11117871441604002 0.01294404910308799
3 0.18125 0.86625 0.3257770257184287 0.26326756550181557
2 0.5475 0.85 0.39304547434441317 0.2964745216246007
