2 0.91 0.715 0.17678797736474222 0.5671175645259392
3 0.745 0.72625 0.19277650387855771 0.5433269883692051
3 0.09125 0.90625 0.18592230208903293 0.14911463952817414
2 0.39375 0.955 0.37223243123769484 0.08702814830085188
2 0.93875 0.03625 0.11963406813905905 0.03460336149060688
3 0.785 0.0275 0.16131494080144293 0.03664072925790851
5 0.71875 0.2625 0.04696314070068425 0.016382673718308104
4 0.9875 0.2775 0.022059643987140304 0.0207285292962462
0 0.5625 0.26125 0.11128179318649017 0.010131017783245433
3 0.125 0.1175 0.22311776654032084 0.23993050838193353
2 0.44375 0.13 0.38534972435531417 0.26296750031961635
