3 0.8125 0.52375 0.3710502341666274 0.3104767456586011
2 0.8525 0.8375 0.2924033454547306 0.3026862146641865
3 0.77875 0.0275 0.39987370326769905 0.059745798599610156
2 0.79 0.18875 0.39990606140547746 0.2553000857152797
3 0.4375 0.54 0.18236719437831062 0.29829099307210555
2 0.4725 0.8525 0.13610622406581094 0.29110805758921926
1 0.52125 0.405 0.009924472041011682 0.02785083266376354
0 0.54375 0.9525 0.008758085046383429 0.08763407178649132
2 0.0625 0.22 0.12770470995740557 0.24433447312629955
3 0.05625 0.04875 0.11652408535687675 0.0682475098653435
4 0.50625 0.28125 0.03558761065529104 0.07383051331716133
