3 0.77875 0.44375 0.43819171638074667 0.3274538118678121
2 0.82375 0.15 0.34882016365274965 0.2800709022634415
3 0.73125 0.94875 0.4701737527409094 0.09964224129702742
2 0.74875 0.7775 0.473292666086896 0.273201424011045
3 0.37625 0.41125 0.19193995845320433 0.3034850761621557
2 0.42 0.1225 0.14284119027324535 0.249768090379332
1 0.455 0.55 0.010843298911155088 0.02809254391769407
0 0.495 0.0225 0.008838441931280415 0.04844832728580883
2 0.0275 0.72125 0.05924327459661366 0.24333825556809635
3 0.0175 0.91125 0.0392060518994094 0.10500090156110431
4 0.43625 0.6725 0.03799064666469214 0.07478903601197501
