3 0.7025 0.6075 0.5504936723530278 0.3193984730724798
1 0.98125 0.49 0.008698856138069146 0.02656704164945154
2 0.72125 0.88375 0.4825166995054506 0.22880693081284945
0 0.98625 0.36625 0.009518953684460313 0.07146199679058661
3 0.71125 0.07125 0.5738952558119889 0.14734850157043383
2 0.705 0.27125 0.5703839130331709 0.264242334604816
3 0.2375 0.58625 0.18320983506125355 0.2987574347015277
2 0.24625 0.8725 0.13413543568073627 0.2341972745444788
1 0.3325 0.45875 0.01000500050056985 0.027873186011952454
4 0.32875 0.335 0.0357986653462239 0.07391746110384009
