0 0.575 0.395 0.09882826517734855 0.00691000472388879
2 0.925 0.345 0.14673550807463442 0.11160814218552023
3 0.675 0.34 0.30454780968247297 0.11458340474532289
5 0.5825 0.00625 0.08772550654342588 0.014190898180658218
3 0.10625 0.17625 0.21072669369113392 0.3567929244385718
2 0.34 0.1575 0.23487539291451967 0.31781637472035595
3 0.66875 0.72875 0.31289305832582204 0.539532916438008
2 0.91875 0.7325 0.15849142355483054 0.5319455993618147
1 0.5375 0.45375 0.026414408469037625 0.00925633318439182
3 0.1 0.72 0.20457952603406285 0.5438417104808922
2 0.33 0.725 0.2404066342380039 0.544349682137444
0 0.415 0.45 0.07013202698173593 0.008853186679429328
