0 0.215 0.585 0.005938197025664991 0.09879305605446924
2 0.15375 0.15875 0.11160787290482967 0.3022698501106408
3 0.1575 0.48625 0.1116197516744376 0.3035197936672994
2 0.07125 0.825 0.14216749318403443 0.23007009306463558
0 0.27 0.055 0.007116867964675926 0.09130527348412498
3 0.635 0.48 0.714092545983931 0.30924536061834496
2 0.62625 0.15375 0.7015812316477359 0.30787662936560645
1 0.275 0.62125 0.008999059058378514 0.02633196607708854
3 0.62125 0.97375 0.6741472127449262 0.04934441751353731
2 0.615 0.82 0.6684056093069549 0.2363209986262531
0 0.275 0.7425 0.008164872437999158 0.07006811179053514
