0 0.41875 0.58125 0.006410276139654485 0.09881135414847385
2 0.35625 0.92625 0.11072114557310336 0.1402894905359254
3 0.36 0.68 0.11306055090571121 0.3040227787906043
5 0.0275 0.57625 0.017498405500712747 0.08772322478741536
3 0.21 0.10375 0.36801647696368067 0.21218984667997276
0 0.02 0.4175 0.004749668422825035 0.07004643021572406
2 0.185 0.33875 0.3244852386054939 0.23331617497012558
3 0.73875 0.68625 0.5180192180394207 0.3098087889262148
2 0.73625 0.92875 0.514429940277388 0.13896544845590753
1 0.4775 0.54625 0.009124126181431364 0.026372327409744472
3 0.74375 0.10875 0.509659101905605 0.22092243605131054
2 0.74125 0.3475 0.513194996988478 0.23731618801956308
0 0.47875 0.42375 0.008499285711100058 0.07010000438364634
