3 0.54375 0.3375 0.4081310356086736 0.6690089971047263
1 0.36125 0.005 0.035142843628974914 0.008197702066002233
2 0.8825 0.29 0.23234416151778006 0.584329160397193
3 0.06 0.135 0.1248797899583427 0.22755212252736473
2 0.2025 0.1025 0.14204350494754903 0.1689886465105215
0 0.24875 0.0125 0.042666318296576196 0.00959728092383716
1 0.37625 0.785 0.03634265140580219 0.005723172356969854
2 0.88875 0.88375 0.21806171051651574 0.21692747094101875
3 0.55625 0.89 0.3966668072542976 0.21747673704158488
5 0.02125 0.80125 0.035342614709982456 0.018195706442636208
4 0.26375 0.79625 0.04299094630321363 0.025844038035867527
