0 0.7675 0.35125 0.12390691253007859 0.01293119330704407
2 0.23125 0.24875 0.3897121975779792 0.16421898085883455
3 0.645 0.27 0.38846402569030075 0.16415140172884815
2 0.95125 0.17 0.09317895515824048 0.298929461393259
3 0.63125 0.50625 0.3896487024821327 0.20901801055527863
2 0.2225 0.45875 0.38569736539499877 0.1590235559181624
1 0.80875 0.415 0.03542186676489578 0.010629418853366702
0 0.09375 0.37625 0.1151697093163308 0.012458139397139334
0 0.9225 0.41875 0.045204504476362505 0.007425536230223173
2 0.9325 0.71 0.1317308067984071 0.5760024021632035
