0 0.63125 0.28875 0.01555398477942859 0.12386920519852981
2 0.74375 0.805 0.16970610993708135 0.35983389045997194
3 0.715 0.40875 0.1720600851497727 0.3909951051458283
2 0.81375 0.07375 0.3166789849423111 0.15135713224893327
3 0.48 0.42625 0.21683807528889829 0.39313838086466935
2 0.535 0.81875 0.16481447459585205 0.35779295364832064
1 0.56625 0.2475 0.011361592350253887 0.035559673507712726
0 0.61875 0.9475 0.01272921452419915 0.08647574757550203
0 0.56125 0.13375 0.008375518656012488 0.0452487851816638
2 0.2775 0.105 0.5596180486739871 0.19460421803560216
