0 0.62 0.3275 0.12388464710875333 0.014861080695700793
2 0.135 0.2875 0.27286145377289794 0.163179784977412
3 0.48875 0.26125 0.3903430342697308 0.1699762510944117
3 0.93875 0.1325 0.08932069963262393 0.2679312919531779
2 0.81625 0.135 0.1700245210222927 0.27427089805913407
3 0.50375 0.4975 0.3922329054296748 0.21477965371481267
2 0.1425 0.4975 0.28857268717236306 0.1582790817360226
1 0.67 0.385 0.03552480122354566 0.011168472556799642
0 0.7825 0.37375 0.045239073525336834 0.008124667937914793
3 0.95875 0.66125 0.07801671615459782 0.5946912893312988
2 0.85375 0.665 0.19139947618592446 0.5903793362507124
