3 0.05875 0.495 0.12124669011336797 0.3165845721614996
2 0.03125 0.1725 0.06605361127396303 0.293211104894947
2 0.19125 0.825 0.3597433638674676 0.2430285121638046
3 0.19375 0.97125 0.3322455572586538 0.0549006774050946
3 0.7225 0.45375 0.5506304596155758 0.3464519662316393
0 0.425 0.03875 0.012140261977753966 0.07283198486365877
1 0.46125 0.61125 0.01049791079723299 0.028005138552782468
2 0.70625 0.14375 0.5549332708996281 0.2915941732505086
3 0.74375 0.94875 0.5094881439732878 0.09800642990762469
2 0.735 0.79 0.5259871336969972 0.25414289089609227
0 0.46875 0.73125 0.011738904878102972 0.06659488517882452
