3 0.05375 0.37 0.11175994287662515 0.31776528099917345
2 0.02375 0.11375 0.05185951874565542 0.16184315786610337
2 0.185 0.6975 0.361278422540262 0.2476074342431808
3 0.19375 0.90625 0.3419709403717933 0.18491143741114002
3 0.715 0.3175 0.5628299950882517 0.35385908730977916
1 0.45125 0.47875 0.010878285385272263 0.028101162399981377
2 0.695 0.07875 0.5493383967328096 0.16034414997407143
3 0.74125 0.87875 0.5149236380288804 0.23761582412780882
2 0.73125 0.655 0.5347828667497193 0.2616435917750696
0 0.46125 0.6 0.012668999906782332 0.0666340145528713
