3 0.46375 0.19 0.37285069729235887 0.3840222748746559
2 0.13 0.17125 0.26449806783747715 0.3288718055967162
2 0.80125 0.17125 0.189672553440965 0.3464215819445161
3 0.94375 0.15625 0.0963811018245066 0.31673304372978567
2 0.15 0.96375 0.27146473561877743 0.06773159346677843
3 0.495 0.95625 0.3601977684888621 0.08381998865858435
5 0.59375 0.48375 0.10467639693004024 0.030191198030461452
4 0.01 0.50625 0.024431099725503554 0.039628339997226265
3 0.95625 0.72 0.0835677154012167 0.522770196009948
2 0.8225 0.72625 0.1934727305127015 0.526253377209206
0 0.7525 0.4625 0.05270031149817612 0.008249466993588896
