3 0.39875 0.19 0.3603299158273475 0.3848956760051617
2 0.095 0.1625 0.19428587647412193 0.3270515989435738
2 0.73625 0.17875 0.17774381229897984 0.36187726386770813
3 0.91625 0.1675 0.1614011380944737 0.33859886190552646
2 0.09625 0.965 0.19278195585901137 0.06748523209511376
3 0.4025 0.9625 0.35778570831288703 0.07033881446597136
5 0.5175 0.495 0.10385739851125678 0.02667774522052859
3 0.91875 0.74 0.15880446577673696 0.513150483177634
2 0.73875 0.74125 0.17586258328137602 0.5132123581489135
0 0.67625 0.47875 0.052525334576391455 0.006466509225473018
