3 0.805 0.52625 0.3861873979953662 0.379949315890182
2 0.8175 0.86125 0.33346289863387324 0.273503492291228
2 0.8275 0.18875 0.3400413960426164 0.19652244081006395
3 0.845 0.05375 0.306603592092612 0.09039173516469763
2 0.03125 0.83 0.06549455090788525 0.2852807308879608
3 0.0425 0.48 0.08934838232119446 0.3614743913889761
5 0.51625 0.39125 0.03223867901404603 0.1051008846428745
4 0.4825 0.98 0.040792378689092815 0.03747086818771578
3 0.28625 0.03375 0.5244384841758365 0.07196332492950186
2 0.27875 0.15625 0.5304715824691417 0.20376685400439443
0 0.54 0.2325 0.00929231709340371 0.052774601097704515
