3 0.51625 0.9375 0.4196063079381991 0.12239718937971332
2 0.1575 0.97375 0.2471745421857741 0.04974992115889236
3 0.94625 0.76875 0.10347673728928512 0.39383352050335946
2 0.845 0.805 0.14350686348305827 0.3419916049445931
1 0.66875 0.5025 0.037975407597634646 0.010439952134762792
2 0.12125 0.285 0.24553917313064333 0.530159403123286
3 0.46125 0.26375 0.45295597346327954 0.5302413500850438
3 0.92125 0.23875 0.15140198195963123 0.48174025730446135
2 0.79875 0.24375 0.1588785272035234 0.49181584073342144
0 0.7775 0.49375 0.03663053649395707 0.009095081031085002
