3 0.49375 0.91125 0.41643253643696676 0.15659807075675572
2 0.1325 0.94 0.2466902856521368 0.11434469331969296
1 0.68375 0.9825 0.03769695276005521 0.008556638851994194
3 0.94375 0.76 0.1084603154454173 0.43168705631425863
0 0.7925 0.9825 0.03637680964930454 0.006022315995074052
2 0.82875 0.79 0.12808473914314647 0.37941994660017303
1 0.66875 0.4575 0.03769695276005535 0.008556638851994265
2 0.12 0.23875 0.24393622597953668 0.46548975826390904
3 0.47375 0.23125 0.4265476388079884 0.465088952119386
3 0.935 0.2225 0.12291892795776249 0.447746281449535
2 0.8125 0.22375 0.13166543403163758 0.45134903584530844
0 0.7775 0.455 0.03641213077083165 0.007271816862770493
