3 0.81125 0.8125 0.24542147266647832 0.37190592436655634
2 0.95375 0.82375 0.06684215401680561 0.34837762774811737
2 0.4725 0.80875 0.34310887857094263 0.37799231596479343
3 0.15125 0.8 0.3066655288181319 0.3652872427292509
2 0.99625 0.0875 0.004477704267175397 0.10122699505222826
3 0.87 0.07625 0.22478307522679344 0.11702923321304104
5 0.76375 0.515 0.06419518312441454 0.028659341609241197
3 0.17875 0.24375 0.35676732955471346 0.49052755002493936
0 0.60625 0.51625 0.09519583898762171 0.013807298743191651
1 0.0175 0.47 0.029256605851532225 0.009769208891598283
2 0.515 0.27625 0.3490412710970871 0.47857514500723625
