3 0.7025 0.805 0.24242644831174517 0.3709050150750068
2 0.90625 0.79 0.18408336095695318 0.3643375440472641
2 0.36625 0.8325 0.34013370550123945 0.3304344989020139
3 0.1075 0.85875 0.18374007989202906 0.2799442413548081
2 0.86625 0.05375 0.2037294146590608 0.11065711615810624
3 0.6425 0.06375 0.22750383659259754 0.13060427868737062
5 0.6075 0.52 0.06418388323169538 0.02862285135972108
4 0.97625 0.49125 0.044093253178496494 0.037107259067642104
3 0.08 0.31375 0.16423321414056358 0.5285414113058714
0 0.45125 0.54625 0.09519663527345684 0.013750400986032005
2 0.325 0.32375 0.3487823818325319 0.47840807865617985
