3 0.55625 0.1625 0.4587766061547376 0.32780834456157065
2 0.16125 0.145 0.2987801975969511 0.2927441644907507
3 0.96625 0.1975 0.06441812747921843 0.34273107040282325
2 0.89375 0.18875 0.10949059352821479 0.33619325663798505
3 0.535 0.51 0.45189382688849933 0.2099997482095177
2 0.14125 0.46125 0.2855698416984559 0.15241196017533581
1 0.74125 0.4275 0.04039377614408593 0.010010945005663033
2 0.84625 0.92625 0.09867652580110146 0.14350337106470007
3 0.935 0.92875 0.08245895781982825 0.13867289662258556
5 0.99375 0.45375 0.00944728571448266 0.025739452595852582
4 0.8475 0.44375 0.028407784241882297 0.036587777240688485
