2 0.69 0.14 0.6150228920629985 0.24588319996769356
3 0.70625 0.38375 0.58352749589144 0.24473262013009886
3 0.655 0.94375 0.662826695641947 0.10992494308679113
2 0.71125 0.72375 0.5687721483449257 0.32024380619072557
2 0.0325 0.11875 0.05298462474581905 0.22877296431830207
3 0.025 0.365 0.05423407360081306 0.2288100797969341
5 0.21 0.445 0.011962711207452905 0.06651771314374073
4 0.22125 0.0475 0.017034737584693146 0.06916507276825712
3 0.16125 0.93625 0.07554861831611731 0.10585695272516617
2 0.1775 0.7075 0.06274536207234059 0.30521203734473074
0 0.20875 0.6025 0.005208327650130293 0.09128399737182874
