3 0.85375 0.56625 0.22372298597010912 0.35985093948139524
2 0.85125 0.88 0.16571392778186791 0.2353222203270539
1 0.96875 0.41875 0.011268541138164067 0.0318593240222242
3 0.70625 0.06375 0.5838872891076268 0.1315619382059387
0 0.98375 0.30125 0.012060836091952751 0.05667419900741621
2 0.73 0.21625 0.5233845382990853 0.22596211886266168
5 0.26875 0.4025 0.02933180058660845 0.10139954068081863
4 0.2225 0.96625 0.03163255195694102 0.02362502527980638
0 0.2925 0.245 0.009569157923242635 0.05647038560360183
3 0.1725 0.03625 0.27799008394806424 0.07645337113562523
2 0.15875 0.17125 0.2855311798891952 0.20774377788274612
