3 0.57 0.14125 0.3546393888023304 0.21373893129496596
2 0.88375 0.13125 0.22919654811132276 0.15741221515435902
1 0.41875 0.02875 0.03165876927380701 0.010346095028995474
3 0.06375 0.30125 0.13187775288924364 0.5847623821727292
0 0.3025 0.01875 0.05656135667317482 0.010383895809416675
2 0.22375 0.275 0.21099238908473628 0.5188421281764574
5 0.425 0.73 0.10096080238735503 0.026366442530515
0 0.26625 0.71 0.05643274212175729 0.007887206341909092
3 0.0475 0.83875 0.09756417415605911 0.27773388494499585
2 0.19625 0.84625 0.20002235143382785 0.2817209360389383
