3 0.13 0.4675 0.21349943488714818 0.35451168904637653
2 0.08875 0.14375 0.15749599817684723 0.2570340599363024
1 0.035 0.63 0.010324071370561455 0.0316536560333018
3 0.3425 0.94375 0.5844530797243982 0.10865563975151432
0 0.03625 0.7475 0.010343951473651414 0.05655805157625551
2 0.29875 0.79875 0.5187285071630761 0.21063450647904788
5 0.73125 0.5525 0.026295719936684635 0.10094926625627601
0 0.7275 0.7125 0.007847170566572857 0.05643122452059274
3 0.86875 0.9275 0.2576844109474374 0.11769421082234345
2 0.86375 0.7675 0.2678939889283029 0.20008798075593517
