3 0.23125 0.835 0.44173251205065006 0.2461199174419866
2 0.20625 0.97625 0.3647232590363594 0.04303599371367014
3 0.22375 0.16625 0.451690093474971 0.3303030481177958
2 0.22875 0.49875 0.46169436419598353 0.33605565790197334
3 0.64 0.8125 0.17450896913380384 0.22871486884463835
2 0.6275 0.96625 0.12135213576227159 0.056540733934100015
0 0.53875 0.58625 0.011465379083354321 0.09395261777375459
1 0.50625 0.00875 0.008672696865392168 0.02025245479177684
2 0.76375 0.46625 0.4696763473652058 0.33619499373853856
3 0.735 0.14875 0.4500050978663156 0.30182567095325386
