3 0.6775 0.3525 0.5688592577313508 0.25272798287785425
0 0.94375 0.02625 0.011120597193148996 0.05749912468364399
2 0.69875 0.1175 0.5013237115634248 0.2379486174303928
0 0.97375 0.5675 0.011380047936580978 0.09395164957741961
3 0.69375 0.92625 0.5956227303409268 0.14488350063996008
2 0.68375 0.68875 0.5961907652809103 0.34257798881261997
3 0.20625 0.37875 0.17431620238496492 0.22857754060608745
2 0.21375 0.14 0.13063199314356766 0.22617913218510954
0 0.27375 0.05875 0.008624356665069256 0.06642447781365636
0 0.30625 0.605 0.011380047936580978 0.09395164957741961
2 0.15875 0.72 0.3153637058719277 0.32715964896347616
3 0.1725 0.945 0.3047421828647396 0.10704252046728485
