3 0.3825 0.5675 0.7153637272316844 0.4394195070654018
2 0.41 0.18375 0.7051840602105649 0.3704070390722238
1 0.02 0.715 0.012672205807816694 0.03566755748834027
0 0.075 0.02125 0.012503964572700638 0.04727659282553204
0 0.0125 0.83 0.010855179686376504 0.04419843962313564
2 0.34 0.90375 0.6614573277814055 0.18971703301715492
0 0.87875 0.06625 0.010011425786003513 0.0812970159956265
3 0.91125 0.60875 0.17342473549735074 0.4017590390461267
2 0.9275 0.20625 0.14071062213704835 0.36063214906562263
4 0.8225 0.8925 0.027056681799908232 0.04545296314432733
