3 0.3625 0.6525 0.6912212415805848 0.3941412479068369
2 0.36375 0.2325 0.6837458095399279 0.39656848232197134
1 0.01125 0.82625 0.010338556245113484 0.0350952223845924
0 0.01875 0.095 0.007387863455505017 0.1175550277761866
0 0.01125 0.94 0.007923429879682531 0.043820595781927096
2 0.34375 0.95875 0.6531958711677729 0.07963310566669592
0 0.82375 0.1025 0.004887980742150404 0.11753081167677981
3 0.90875 0.65875 0.17842971728024765 0.3929267715984805
2 0.91125 0.23625 0.17432508843079958 0.3916768302418031
4 0.825 0.94875 0.024172667516488104 0.0439780004280712
