3 0.18125 0.64 0.36691280963022943 0.5090933845189382
2 0.1325 0.19125 0.2697302110841773 0.35528674516713243
3 0.20375 0.995 0.34407191751562366 0.00697170907856048
2 0.19875 0.97 0.3410678370414719 0.05653131528765158
1 0.465 0.84 0.009131041674860398 0.04406766311293083
2 0.675 0.16875 0.5225651333332669 0.3424943306588963
3 0.6925 0.60375 0.5086265782245645 0.5167784565601142
2 0.9425 0.925 0.11092507111307298 0.05657636491760897
3 0.94375 0.96125 0.10869864693994714 0.024230290024292316
4 0.485 0.94 0.03583307799150177 0.01603565917659509
