0 0.44375 0.58375 0.010436886903127843 0.13253225625407622
2 0.54375 0.105 0.19819968100488147 0.21267056881999952
3 0.54625 0.44875 0.19884272665696115 0.40814907411572976
2 0.765 0.785 0.4655082077574382 0.1265368589764063
3 0.78125 0.92 0.4338131922225151 0.12643380678857313
3 0.1925 0.4475 0.3880035063760863 0.40877563141775625
2 0.19125 0.105 0.3865484094838801 0.21252669849348063
1 0.39 0.6325 0.005123635438757362 0.037516284450233355
3 0.32125 0.92125 0.12791151549194546 0.12541977326029355
2 0.3375 0.78625 0.09415757691427004 0.12405848369409413
