0 0.38125 0.21375 0.008037355797544877 0.16505803177903297
2 0.3275 0.83625 0.11850097839590347 0.32250081345896303
3 0.3225 0.38 0.11921483801481067 0.506202803229029
3 0.17125 0.015 0.3461393435658693 0.03130406814998432
2 0.14875 0.04625 0.3002170987797832 0.030802964072963287
3 0.72125 0.37875 0.5540058977712795 0.5121793602060238
2 0.725 0.83375 0.5468375256921807 0.32917768670143205
1 0.43875 0.1525 0.009237047125732473 0.04509216211363137
3 0.7175 0.0125 0.5502656704817521 0.028069468421516534
2 0.71875 0.04 0.5502656704817522 0.03345746134583133
