3 0.27625 0.18875 0.30483370382986746 0.37310139393475616
2 0.06 0.2 0.12354279150577085 0.36062992994719506
3 0.86 0.035 0.22717907390153882 0.07366100438161632
2 0.6075 0.02375 0.24508912033270008 0.052370081224965774
1 0.42375 0.4525 0.026704362283049222 0.010225954326696894
2 0.07875 0.73625 0.16022671758381168 0.5227476237974756
3 0.30875 0.7275 0.31790202291743963 0.5403445554558008
2 0.65875 0.96375 0.2488330738606885 0.06639355720107233
3 0.89875 0.94875 0.19761637198521784 0.06629338968819141
5 0.96875 0.43875 0.05529530740173797 0.03175472460694898
4 0.5475 0.4625 0.07597261324691004 0.045369855613684035
