3 0.81875 0.2975 0.3584130337887493 0.2870237202361268
2 0.82125 0.06625 0.35292457209278866 0.13450495607688967
3 0.95125 0.88875 0.09124944909362726 0.21893642626851645
2 0.97 0.63875 0.05512017019621197 0.24280001218241032
1 0.54625 0.4275 0.008898270536599924 0.026299050588300475
2 0.27125 0.065 0.5432404485957464 0.13274615702875608
3 0.27 0.295 0.544116776571924 0.29056255296143085
2 0.02375 0.63125 0.051186500514727895 0.2465358179260157
3 0.02375 0.885 0.050931175222744096 0.22154328464843473
5 0.5275 0.9725 0.02904636127060556 0.05240821189226907
4 0.53 0.55125 0.04166630322861458 0.07398203761034416
