3 0.56 0.16375 0.2958539049545746 0.33042710760790245
2 0.85875 0.13 0.2695780535739763 0.2649002671548155
3 0.0425 0.1875 0.08826551830365424 0.3606554880240615
2 0.225 0.18 0.2526052221897026 0.3565117773522868
3 0.57375 0.70375 0.29685019355392095 0.5523380762478043
2 0.865 0.695 0.2652516734080264 0.5468756358036156
1 0.43875 0.42875 0.026407385819918118 0.008070934908873824
0 0.965 0.41625 0.06387118696753348 0.007639404173664417
0 0.31375 0.43125 0.0738688065777071 0.00785758329794767
2 0.235 0.69875 0.2562597225214477 0.5239719058226942
3 0.04875 0.68875 0.10067445599726611 0.49437365031013286
