3 0.5925 0.27875 0.3173625738937285 0.5087100230992265
0 0.985 0.05125 0.025347562203768773 0.009342981117476779
1 0.47875 0.02 0.02657359586803011 0.007791024166876939
2 0.8725 0.26625 0.2507158568774308 0.4479196126201563
0 0.355 0.01375 0.07391660399980196 0.009351513777087872
3 0.06375 0.2625 0.13098274473171356 0.526398228216035
2 0.25625 0.27 0.27494544948265603 0.5273362567169018
3 0.5625 0.80875 0.30659837593029626 0.3775181724040042
2 0.8525 0.81875 0.2741552264056557 0.35933810526840576
1 0.44375 0.61625 0.026647498579963555 0.00903883761013212
0 0.96375 0.64625 0.0527776781763933 0.009342981117476796
0 0.31875 0.61 0.0739905067117352 0.010599327220343256
2 0.22375 0.79625 0.26659444303419 0.3863333376290417
3 0.04625 0.785 0.09565724842758316 0.3779084284686423
