3 0.1775 0.23375 0.3467364065580498 0.30665590702148715
2 0.16 0.03625 0.2769285710552306 0.07553122910422883
3 0.1725 0.835 0.348583936202383 0.2658829825289324
2 0.17625 0.57 0.35577486096583244 0.2642194468380748
3 0.71875 0.2625 0.557835746950071 0.31482137411275773
2 0.7275 0.055 0.5408020930326726 0.11458399662216667
1 0.43625 0.37625 0.00894257671115966 0.02662515003611361
0 0.43 0.50125 0.010325710826665642 0.07398297479650054
1 0.405 0.96125 0.00873484922436198 0.022880907884325268
2 0.69 0.6 0.5315250268014968 0.27335945625716646
3 0.6625 0.8625 0.5053845742345774 0.2713191113690803
