3 0.07125 0.46125 0.14568691895920194 0.2735167822439088
2 0.055 0.16625 0.10818786984797668 0.2732497321476465
2 0.38875 0.79875 0.12808944433866734 0.25964250752487034
3 0.38625 0.97375 0.12657616045984865 0.04714789589459386
4 0.0075 0.71 0.018757035923884224 0.07764046154787209
0 0.5175 0.075 0.006837351730314154 0.08254241639407262
3 0.75875 0.465 0.47823050746304807 0.2783934647080569
2 0.76 0.16875 0.47612081170257703 0.2771434964043495
1 0.51375 0.5875 0.00891890985358529 0.02381170945957045
3 0.755 0.975 0.47906722210536623 0.046110177366292075
2 0.75625 0.80375 0.48057160431430984 0.2609028101260272
0 0.51375 0.7125 0.006810646720687998 0.07879251148295012
