3 0.28375 0.065 0.2727462056974067 0.1348567239297161
2 0.0625 0.04625 0.12642793299556704 0.09681778754867232
0 0.97125 0.4475 0.05491167091892194 0.006350480901999091
2 0.61875 0.38125 0.25898024139084336 0.12672255531673257
3 0.885 0.38125 0.22739996351619496 0.12666545796766962
5 0.97375 0.00125 0.04909632912018253 0.005091347412619351
4 0.5325 0.00375 0.07751814179053575 0.010133283746220911
3 0.28125 0.75375 0.27589025962189756 0.48800164294830156
2 0.06 0.75375 0.12497778700149297 0.48772757567279884
1 0.40625 0.505 0.02376594761480014 0.00879337937999523
3 0.88375 0.75375 0.22839262280173514 0.48825212989440336
2 0.62 0.75375 0.2583925727264456 0.48876143824804624
0 0.53125 0.505 0.07876128802217779 0.006393874887286941
