3 0.08 0.56375 0.15673592917198653 0.27912112652933835
2 0.0525 0.84875 0.10861687503457768 0.25983141188870124
2 0.41625 0.245 0.13859261988321847 0.2645424346393284
3 0.42375 0.0475 0.13086946803904667 0.09764895638035326
4 0.025 0.3125 0.03245738891199701 0.07879741509584871
0 0.505 0.96625 0.009380245053537522 0.06423998306831578
3 0.76 0.59875 0.4759014804265477 0.2971248531882019
2 0.7475 0.8725 0.4767064036209608 0.25234760463048617
1 0.52875 0.4625 0.009886205815448862 0.02414467541048019
3 0.775 0.06125 0.44692112433483744 0.12114063811702114
2 0.7675 0.26 0.46037630293835563 0.2797055893848248
0 0.535 0.3375 0.01004395341514595 0.0789598897911306
