0 0.53125 0.41375 0.09636559724276829 0.008340432841047303
2 0.89875 0.36875 0.19839080026249037 0.11817370964305748
3 0.63 0.35875 0.29623140039946577 0.12259271993579678
5 0.54625 0.01375 0.0855566011478816 0.020442095974005755
3 0.085 0.18375 0.16418514830926356 0.37045633311411935
2 0.29875 0.18625 0.25275132188950855 0.37569683315935065
0 0.38875 0.0 0.0713372637290918 0.003378221739458176
3 0.6225 0.59875 0.29759741682574903 0.23368873582175986
2 0.89375 0.58 0.20789011834406423 0.1719346920482554
1 0.49625 0.475 0.026581529156303817 0.010905814947778225
0 0.37125 0.4675 0.07267335220125623 0.008764671197266977
2 0.28 0.73125 0.25791847254652844 0.5280230866011247
3 0.07375 0.72375 0.15215521943528643 0.5249401647805497
