0 0.58 0.35125 0.09637702758850025 0.01071106021619535
2 0.9225 0.31375 0.1502161385226077 0.12048749542808075
3 0.68 0.29875 0.2986686365793355 0.1296837146394465
3 0.11625 0.1475 0.2122015185332059 0.29837508273145524
2 0.35125 0.15375 0.25814692426781793 0.3100085766080509
3 0.66625 0.53875 0.3027843646485357 0.24058852532343755
2 0.915 0.52375 0.16557796109644968 0.17421678335546645
1 0.5425 0.41125 0.02679788140754077 0.011542298176856392
0 0.41875 0.40125 0.07274328714215286 0.010547447817054731
2 0.31875 0.695 0.274415203019412 0.5994764764732263
3 0.0975 0.68125 0.19941688091815243 0.5967279544923634
