0 0.60375 0.5175 0.005978075235915128 0.09629585025519241
2 0.66625 0.125 0.11378537890136747 0.2511178861224602
3 0.66375 0.42125 0.11546730575772222 0.29362839620670733
3 0.8125 0.9475 0.3622731995453986 0.1011102098466742
2 0.81625 0.76 0.3599210126064162 0.24362141189666217
3 0.42375 0.41875 0.2266861473323135 0.29225932645589825
2 0.45625 0.12375 0.16754530781165144 0.2516313136816629
1 0.54125 0.55 0.010266301637863719 0.026350288970063643
0 0.545 0.0225 0.007995132133583596 0.048823715361476054
0 0.54375 0.675 0.006986603684749468 0.07255978280833418
2 0.2675 0.755 0.5398375440621075 0.2454891395552567
3 0.26625 0.94375 0.5372074785836783 0.10760278694559844
