3 0.135 0.535 0.2731336675163457 0.31470762963666005
2 0.1175 0.8525 0.2044040706983682 0.2905411296205041
0 0.0225 0.9625 0.009425051714218702 0.0714413731838937
2 0.35625 0.18625 0.7172771660339073 0.2637456604214751
3 0.33375 0.035 0.6703609587342462 0.07350079832254008
3 0.9375 0.49625 0.1218274505257132 0.30647884053863916
2 0.945 0.8225 0.10598528690575805 0.3077273659726951
0 0.9025 0.93125 0.006928000846106955 0.09126375257588748
0 0.86875 0.23875 0.005835437837834263 0.06879029476288152
2 0.925 0.15875 0.12597206385058088 0.2340643653633981
