3 0.28 0.43875 0.3345784636895639 0.8071121019668468
2 0.0675 0.4475 0.13948723562639948 0.7845584599499281
1 0.38625 0.03 0.02680402848948546 0.011561007899895727
3 0.8675 0.3825 0.2611078098093209 0.762628179078662
2 0.6175 0.395 0.28922278524389805 0.7558937232944154
0 0.51 0.0225 0.07414280672571665 0.013170724367357611
3 0.31375 0.95 0.2941675482866281 0.0954160997036783
2 0.08625 0.96 0.1269709018656099 0.07669226533365318
5 0.9775 0.87625 0.04172505474252958 0.01763529618286583
4 0.5625 0.90125 0.07481957182342847 0.02440034987324694
