3 0.295 0.42 0.2937135185123669 0.793486439782629
2 0.065 0.4175 0.13365992960940637 0.7797580726410976
1 0.4225 0.0175 0.02632782853443416 0.01020612139668381
3 0.88625 0.395 0.22499403062542556 0.7517167237573043
2 0.63375 0.39375 0.25083146154995684 0.7444037262287765
0 0.54625 0.01625 0.07381652971435926 0.00932970116335774
3 0.30125 0.945 0.2895766237908065 0.10581982418273456
2 0.0675 0.94625 0.13333145533933174 0.10337214688123125
5 0.9725 0.89375 0.05067716969506947 0.014172266084631957
4 0.55375 0.89625 0.073904999978269 0.020579353291863924
