2 0.79125 0.11 0.40849629932912307 0.22406940834318845
3 0.80625 0.35375 0.3835605382026127 0.23507943093484104
3 0.78375 0.93125 0.4287630097134695 0.13310098720027597
2 0.785 0.6925 0.42703770202421476 0.3055418558008015
2 0.03125 0.115 0.06723855235928594 0.22444390701279587
3 0.0325 0.3625 0.06976994522316826 0.23194352634227045
5 0.44875 0.43375 0.02441627624376302 0.06648592330296488
4 0.44625 0.03125 0.03315323813380232 0.06532414470848624
0 0.46375 0.59 0.005919107807029889 0.09129574448599839
3 0.23375 0.93375 0.4625363641748471 0.12962836592114088
2 0.23 0.69625 0.463011804845566 0.30586929965384096
