2 0.91125 0.75875 0.17295324595175443 0.46368981914065577
3 0.6975 0.77625 0.24070795141455797 0.43995329806445743
3 0.09375 0.75875 0.19059102372961426 0.4792550291422602
2 0.35875 0.7575 0.31170267687396686 0.4813638321928233
3 0.67875 0.005 0.23155007288966203 0.01469814325010188
5 0.61125 0.39375 0.06675355722254615 0.02519317816673919
4 0.98875 0.38625 0.014457472169005144 0.03279293351715545
0 0.455 0.41 0.0913375237741829 0.006994401572691799
3 0.0875 0.21125 0.17930330026147356 0.4113663971362939
2 0.3475 0.205 0.31006245982473163 0.4127239423413631
