3 0.70125 0.74875 0.18851720035215222 0.49550422411468376
2 0.9 0.75 0.18971877938512877 0.49051654863631894
3 0.08125 0.7375 0.16735203739021048 0.52173436227105
2 0.365 0.74 0.35122722986542243 0.5166119585226698
0 0.96125 0.39625 0.05630782175693525 0.0067937856662045
2 0.895 0.19625 0.1888482545221258 0.3957804431634652
3 0.69625 0.1975 0.19009819604749148 0.3977149428590272
3 0.07875 0.31375 0.16025023428577 0.16905185477852844
2 0.35875 0.3325 0.34493089116215103 0.12706913236293516
0 0.47875 0.3975 0.10380559972082551 0.007253229343900429
