3 0.71125 0.73875 0.1913184719838847 0.5181738232379713
2 0.90625 0.7425 0.1835806601877482 0.5102741204449653
3 0.0875 0.71625 0.17953206428930257 0.5537996935778386
2 0.375 0.725 0.35412949840005253 0.5467637454575296
0 0.975 0.3825 0.04579709429189904 0.006942472498867574
2 0.91125 0.19 0.17442394287403273 0.3750322449347635
3 0.72 0.1875 0.191665830014932 0.3751781687166554
3 0.09 0.2775 0.17992532413731482 0.17007231266339687
2 0.37875 0.30375 0.34551920621937776 0.12875295379318102
0 0.4975 0.37125 0.1038301556427102 0.007763293772009448
