3 0.285 0.78 0.2144808095473966 0.41919072555483744
2 0.09625 0.76625 0.19578044767541258 0.4143017996269059
3 0.89875 0.7925 0.18572941684972236 0.4109323427421438
2 0.62125 0.7825 0.3782307376596051 0.4310786218590961
0 0.04625 0.45375 0.05656422512753734 0.010561996811258538
2 0.12875 0.23 0.22073128662333075 0.4633870302198391
3 0.32625 0.24625 0.2202453581188516 0.4617570567793154
3 0.9225 0.43 0.15093778842165434 0.17864722804532512
2 0.6525 0.43 0.35225697234691017 0.14984716775528348
0 0.5275 0.4875 0.10392324791451223 0.014218902697768598
