0 0.4 0.2825 0.01417069768397326 0.14772205994419724
2 0.47375 0.8475 0.1932756778139231 0.30015898187191925
3 0.49 0.43625 0.19907020583515034 0.4601571032267596
3 0.73 0.035 0.5373417698902035 0.07369659440233561
2 0.73125 0.1075 0.5342232067719783 0.09883956895539399
3 0.17125 0.42625 0.3456430306086451 0.4657676779774719
2 0.1625 0.8375 0.32761561009815954 0.3083743063095038
1 0.34625 0.22625 0.00651422945533632 0.04140602680260216
3 0.27625 0.0225 0.14567616646627266 0.0491388327885619
2 0.29125 0.09125 0.10782617845592615 0.08255970451480243
