0 0.5 0.28625 0.008892567659536183 0.1475083887419183
2 0.40625 0.85125 0.18278505823991606 0.29499888752986764
3 0.40375 0.4375 0.18293850410328488 0.4539261903634372
3 0.2225 0.02625 0.44957109988097393 0.05668493837508426
2 0.22 0.1 0.44340326279047426 0.079178886688567
3 0.77875 0.44 0.43902550622569436 0.4541738785680877
2 0.77875 0.85 0.43855187804899665 0.295423952727579
1 0.555 0.23375 0.005039869424040972 0.04125481367078951
3 0.63375 0.02625 0.14380430342921344 0.05618858730383936
2 0.615 0.1 0.10507606976373993 0.07885145496437035
