0 0.60125 0.2875 0.10687716679912854 0.02018177809614585
2 0.15 0.38375 0.3047371528201819 0.26781273743309525
3 0.485 0.41 0.34335972487067906 0.2705355983601736
3 0.9475 0.6675 0.10120632147815414 0.661562635991057
2 0.8025 0.665 0.2551708970874172 0.6652512720222985
3 0.5 0.19 0.32922481593556546 0.09341335866345289
2 0.16625 0.175 0.29304653218854226 0.0734182141409863
0 0.05125 0.19375 0.06500995250280893 0.0072130267008205
3 0.975 0.1575 0.045206148411241855 0.21158115436846867
2 0.8425 0.14875 0.2193438627665792 0.2193438627665791
