0 0.92625 0.41875 0.01627435048014462 0.10662763153761474
2 0.78125 0.85375 0.2578445031621472 0.28898929846216137
3 0.7925 0.52125 0.25895693640929124 0.3348536924975666
5 0.03875 0.3875 0.042107237134865416 0.0963192057693476
4 0.0225 0.94625 0.04876391319828327 0.07316272392214046
0 0.0225 0.2275 0.010924823372300496 0.06152266076448388
3 0.47625 0.03375 0.8802399211964658 0.0720641015225093
2 0.465 0.17375 0.873043026013019 0.23695592736842763
3 0.985 0.52875 0.026578349823508915 0.32550597071437054
2 0.975 0.85875 0.030533191086694132 0.27929216305424687
0 0.96 0.97125 0.005034763291459683 0.05452376379665054
2 0.99125 0.1925 0.01367740666381863 0.20562652462166014
