0 0.74125 0.73 0.11896688107112822 0.012490674419546792
2 0.21875 0.645 0.37354577015752144 0.20899163260507714
3 0.615 0.63125 0.3722963919288202 0.2089522112701441
5 0.7175 0.0225 0.10718268281291288 0.03458526918683457
4 0.07625 0.0425 0.1113644521832794 0.048446693707344946
0 0.87625 0.00125 0.050211657157639 0.00736008814485839
2 0.925 0.32 0.1465712151474898 0.6350752456619848
3 0.62125 0.8925 0.36995532081115035 0.21187257394349074
2 0.22875 0.89875 0.3724540772685524 0.19953369610944663
1 0.785 0.7825 0.03264151928595865 0.006022467623063363
0 0.09875 0.805 0.1100635481304888 0.007217212160211233
0 0.90125 0.77875 0.05013281448777292 0.006574366312125903
2 0.9375 0.8825 0.12080176659043289 0.2064990918826021
