0 0.37125 0.53625 0.1189362008098393 0.01181041547996756
2 0.85 0.42125 0.2968577108569505 0.2049797341608739
3 0.49125 0.43 0.3712229150680806 0.20688222166430023
2 0.14625 0.23 0.17770633640817515 0.4503901536114847
3 0.0275 0.2175 0.05795372730019066 0.4164096812704355
3 0.5025 0.77875 0.37333486080644535 0.3855082455030214
2 0.8525 0.7675 0.2914324658400689 0.37995374259062215
1 0.33 0.59125 0.03261816673826434 0.005836720405796498
3 0.035 0.79 0.06965369825869105 0.3764229926124144
0 0.21375 0.59375 0.05011234302614856 0.006288158118473958
2 0.16 0.76375 0.17217608658192887 0.3328647645767364
