0 0.6725 0.6425 0.11906430921880698 0.01611879987354584
2 0.17375 0.50875 0.3519934542906211 0.21873064256179803
3 0.55625 0.53125 0.3778245820711647 0.21989681205286624
2 0.905 0.29625 0.18716107532825418 0.5542849014202839
3 0.535 0.84 0.3822486944524225 0.3168169838114163
2 0.16625 0.8225 0.33714789528008693 0.3298430041869372
1 0.71125 0.69875 0.03274805765232727 0.007011680316011706
0 0.04 0.6575 0.08295256070486007 0.009573587353961273
0 0.8275 0.70625 0.05021417717922162 0.008100105174342218
2 0.875 0.85375 0.1826358998593413 0.28937312845494473
