0 0.36375 0.2975 0.10390653228812166 0.015015845183514677
2 0.80625 0.18875 0.32914566499815634 0.1627605327254303
3 0.46125 0.2175 0.3279001575747884 0.16265464949571132
2 0.1175 0.15125 0.23373488242081344 0.26222548726203354
0 0.92375 0.30875 0.09643348774791491 0.014380545805200705
3 0.50125 0.6575 0.3696989419805273 0.6397898758752948
2 0.82875 0.62375 0.3382290650650683 0.630965440682001
1 0.33125 0.3575 0.02803646269240531 0.009802475594024357
0 0.21 0.36875 0.06405029474035238 0.011627581832507162
2 0.16125 0.655 0.2598880401614023 0.5698658208338782
3 0.02875 0.65375 0.061280812571826715 0.5279335637150261
