0 0.49375 0.35125 0.10392971053910494 0.011166723542797357
2 0.1075 0.2625 0.2037436142276933 0.14546943008898727
3 0.3925 0.275 0.3236084024379272 0.15116438814991937
3 0.925 0.17625 0.1466090068849739 0.32200105654723465
2 0.735 0.16375 0.22822112899022046 0.31979484692247295
3 0.37 0.7 0.34609444175067666 0.596825223954298
2 0.09875 0.6875 0.2005668609895378 0.5924058803098498
1 0.52875 0.41125 0.02782494884365356 0.008796643818769852
0 0.64875 0.4175 0.06397478113569363 0.009268404189153258
2 0.70875 0.70125 0.23978901255148885 0.5632701979745105
3 0.90875 0.6975 0.17769680576892286 0.5343209414826585
