0 0.4625 0.46125 0.10382290446012292 0.007607149878242581
2 0.87375 0.38625 0.246762005375043 0.1394444329567919
3 0.565 0.38875 0.3192557974214211 0.14039317672433632
3 0.05125 0.21625 0.10655214950663015 0.426370366547887
2 0.22625 0.21125 0.21922786803147568 0.4227611950316069
0 0.985 0.51375 0.026045200998438673 0.00659297550604002
3 0.5725 0.76 0.3249222562021686 0.47676205552162443
2 0.87625 0.75625 0.24342843123058644 0.4768991762111816
1 0.425 0.52 0.027595791165958516 0.007859226123521523
0 0.30375 0.5225 0.06382632953798308 0.007083705040976796
2 0.23375 0.7625 0.21993124703155162 0.4716421107071178
3 0.05625 0.76375 0.11494023786093478 0.4686323028928392
