3 0.8525 0.2875 0.2103620996406157 0.5752153408120777
2 0.985 0.28375 0.02672865955908037 0.5651738294682378
3 0.16375 0.0675 0.3259963152911243 0.13875341494497268
2 0.51625 0.0425 0.324360620560305 0.08752547957157086
2 0.98125 0.825 0.031251999458234536 0.34537205636810525
3 0.84875 0.825 0.20874742881933442 0.3469598160090318
2 0.51125 0.99125 0.32634027336491866 0.01481205700941075
3 0.15875 0.98875 0.3215239936044979 0.01733191604623144
5 0.0525 0.6525 0.09513210964433405 0.01943126708835038
4 0.62375 0.6575 0.09895377622915284 0.029457920767921877
