2 0.245 0.09 0.49285729107445997 0.18336662526048006
3 0.23125 0.28875 0.46706812184579616 0.19795277292998287
3 0.285 0.90875 0.5650056431650726 0.1796793629690528
2 0.27625 0.625 0.5567073306709829 0.3491384230222651
3 0.815 0.28 0.36393767838512175 0.1951612216415581
2 0.81125 0.085 0.3637404867778162 0.17429345199950902
0 0.62625 0.01875 0.005626913639383701 0.041896710902439016
3 0.71875 0.90625 0.14628078107646672 0.17954329444928574
2 0.695 0.62125 0.10984728590070773 0.34022098963097364
0 0.6375 0.50375 0.006469459597871747 0.10256116489712702
