2 0.8975 0.76875 0.2014753486653629 0.4038149709588652
3 0.705 0.80125 0.22162725244881998 0.3751723967623974
3 0.09625 0.78625 0.18364690838664938 0.4232627793405301
2 0.36625 0.775 0.378299947522125 0.4451477175287848
3 0.65625 0.24125 0.2259957325594943 0.43982156315914267
2 0.86125 0.22625 0.2268092303782639 0.434948203781113
0 0.945 0.4325 0.057716979887056256 0.00994737943394341
3 0.06875 0.43 0.14216628324106262 0.15562802643829932
2 0.3325 0.42625 0.3465527051696932 0.13386424600940472
0 0.455 0.47125 0.10254883515109327 0.013833862881026348
