2 0.9275 0.30125 0.14085242018848348 0.6068864776508208
3 0.7175 0.2825 0.2434708113564355 0.5698316486093808
3 0.10625 0.34375 0.21657413296371608 0.6903674442315356
2 0.38125 0.3375 0.29115390040956657 0.6779448588945935
2 0.92875 0.98 0.13795825951365856 0.03523635080030843
3 0.71875 0.98 0.24255928085726922 0.035413119565333634
5 0.63875 0.76875 0.07002119583934771 0.01261924752953405
3 0.10625 0.88125 0.21539795009337948 0.2332648047835272
0 0.48125 0.7625 0.08750626222969374 0.0038990766480091563
2 0.38 0.87625 0.2878786771650947 0.22298951820617532
