2 0.04 0.705 0.08386075371782165 0.5701952920690823
3 0.21625 0.7275 0.2524065868228372 0.5356983085663659
3 0.85625 0.675 0.28315355389828395 0.6469863207281589
2 0.55375 0.6775 0.30191148925269057 0.6403409343801668
2 0.0475 0.03125 0.08261692185442172 0.06598251089611129
3 0.22875 0.03375 0.2438386418840931 0.07089854487735786
5 0.305 0.2625 0.07022182027998312 0.013808750149237206
3 0.86375 0.15 0.26827933608911964 0.25880880887727975
0 0.4625 0.27125 0.08755488333654156 0.005388020320020317
2 0.56625 0.16 0.2916165023887234 0.22784520571918435
