3 0.285 0.34125 0.26520513543539614 0.6850793328422712
2 0.065 0.33625 0.13380242632387085 0.675040025866371
0 0.97875 0.7025 0.03869012365747622 0.008761604656696136
2 0.62375 0.5975 0.2675598850313731 0.20008010330526838
3 0.88875 0.5975 0.21750038702532565 0.20131512899231338
4 0.5325 0.0025 0.08125261685124592 0.008751893812550038
3 0.2875 0.87875 0.2650714901925832 0.23872642726131857
2 0.06625 0.87875 0.13507149602252094 0.23864069964057846
3 0.89 0.825 0.2174206491073447 0.12381513246785346
2 0.625 0.80875 0.26627731607867744 0.09132973382581298
0 0.5325 0.75875 0.08000149383803574 0.005023958586808135
