3 0.24625 0.295 0.3063794359030312 0.5929211862077968
2 0.05625 0.28 0.11589833267244398 0.5629793750175758
0 0.94 0.65125 0.08789720861369489 0.014831883978204985
2 0.5675 0.52 0.2807986497098238 0.21817122859368973
3 0.8575 0.54 0.28000285185393237 0.21941818415236028
3 0.21 0.81875 0.28676202318603294 0.33895154078281153
2 0.0325 0.805 0.0698019322074257 0.3261348311410394
3 0.8425 0.7675 0.27423319559232257 0.14201975101381706
2 0.555 0.73125 0.2719662945672473 0.10959890648838083
0 0.46625 0.675 0.08015390975877779 0.010567886296406499
