3 0.39375 0.35875 0.3107274034856806 0.721941780318041
2 0.13 0.37125 0.26470654988426445 0.7124457091614047
2 0.7475 0.605 0.2800137242012899 0.21707525875993652
3 0.94875 0.59 0.0994667733047767 0.20736219786932472
4 0.6175 0.01 0.08312071450272854 0.024974956066908693
3 0.43 0.88875 0.2785824027701396 0.2193937363084598
0 0.05125 0.80875 0.06884803848628446 0.008240627320536618
2 0.15125 0.8975 0.2661091924426064 0.2006629343647984
3 0.9575 0.8175 0.08204467368032325 0.13002829383861836
2 0.76375 0.815 0.27165033430784424 0.10847653501544642
0 0.6675 0.77125 0.08015572167601491 0.01022409340784435
