2 0.385 0.06 0.7739147965340223 0.1240904630076568
3 0.37625 0.255 0.7570521193652726 0.33976414060134813
0 0.95 0.90375 0.018717004924017146 0.08321011021075933
2 0.79125 0.56 0.27196846362394456 0.2685134758407262
3 0.81125 0.83125 0.2719684636239444 0.26851347584072616
5 0.0475 0.96625 0.0340675859660311 0.06294010635137312
4 0.01875 0.53375 0.04167261831730307 0.07887292466898345
3 0.96375 0.20875 0.04739666251001779 0.2811841691744592
3 0.9925 0.815 0.010274968999881935 0.2525168674433951
2 0.9825 0.545 0.030739203995546235 0.25127046302030537
