3 0.61625 0.165 0.2482799603039514 0.33262808980204417
2 0.86125 0.15375 0.24790657965304916 0.31167805517437613
3 0.055 0.18 0.113145918018825 0.318087018597692
2 0.2775 0.16375 0.32150312922548335 0.3238493117579726
2 0.895 0.9225 0.2067352329748215 0.11598265832986897
3 0.66125 0.9375 0.23453955235075377 0.11723042572629382
5 0.555 0.415 0.06784922300467577 0.03265648501733786
4 0.955 0.39125 0.0710915190993299 0.04528351124194884
3 0.06375 0.54375 0.13064185929768568 0.21694318335708487
2 0.29625 0.5025 0.3099717826808023 0.17272010453018402
0 0.39625 0.4125 0.09278284411653402 0.013012638011901246
