3 0.20875 0.82875 0.3887345900253656 0.2562689474513259
2 0.2175 0.9725 0.3697390162820769 0.0511441256906366
3 0.165 0.17 0.3348298643470715 0.31938096062136817
2 0.175 0.4925 0.35461478572604066 0.32897413892903016
3 0.9725 0.76875 0.05168622263686757 0.23301105671644579
5 0.475 0.7325 0.03367849313208801 0.0682347477166202
3 0.53 0.14625 0.23152182272793964 0.2965925136371357
2 0.52625 0.46375 0.17734117796659946 0.3121105708462746
1 0.40875 0.0125 0.01129497519070199 0.0182062261076083
0 0.45125 0.57625 0.014474792619306384 0.09280230301091244
