3 0.34875 0.19625 0.25031790508601587 0.3973427527940084
2 0.11625 0.1875 0.22376495344838926 0.3776129528205675
3 0.925 0.21 0.14506328017051956 0.38521843209163636
2 0.68875 0.19375 0.3236988889034095 0.3885796473499103
2 0.0875 0.9575 0.177543196785349 0.04728820048462552
3 0.3075 0.97 0.23046073048394963 0.04997425698732044
5 0.41 0.48 0.06772540734541393 0.03233590273823175
4 0.0225 0.45875 0.04719204362359298 0.043653093162874794
3 0.9175 0.6075 0.16100188398424536 0.21790145437054825
2 0.66875 0.56625 0.30928833780328596 0.1712692698352754
0 0.56875 0.4775 0.09277195263391824 0.012555742190971983
