0 0.32875 0.63 0.12258113794396155 0.008968612726744922
2 0.835 0.54375 0.32532177603377094 0.18136999346261562
3 0.45375 0.5375 0.377101801611774 0.1819846387387284
5 0.3375 0.0025 0.10761219943365 0.008686019243094756
4 0.9675 0.01125 0.060464552005280156 0.015793462661194246
3 0.01625 0.09125 0.02980668983476842 0.18685538564370996
2 0.1225 0.06625 0.15790280221982889 0.13514807467458706
0 0.9625 0.6925 0.06629020937421629 0.004544271756164164
3 0.4525 0.8425 0.37866090182435275 0.3102572612341369
2 0.8325 0.84625 0.3273995963532391 0.3041501543174674
1 0.28375 0.685 0.03382252945608034 0.006654316904137119
0 0.17 0.68375 0.04754155786583247 0.0043194015331958725
2 0.1125 0.84 0.1611765443271004 0.30936679461042615
3 0.01125 0.83875 0.026475224466814717 0.30782268574604543
