0 0.3775 0.5075 0.12272927647634642 0.015127927821758647
2 0.8525 0.385 0.28803330258889615 0.19446691245447198
3 0.495 0.40625 0.3853433693912174 0.20054974887572963
3 0.02125 0.0575 0.04712960000161237 0.06448423788930285
3 0.52 0.7725 0.4017202366792187 0.4521265846456699
2 0.86125 0.75625 0.27411216826339996 0.45520798888633257
1 0.33625 0.565 0.034074179304730376 0.00834342201776373
0 0.2225 0.5725 0.04764142368912793 0.006706128005317283
2 0.18125 0.78625 0.18347415757764474 0.42412994009142
3 0.0525 0.78625 0.09980912388386809 0.40389989182074687
