0 0.765 0.46875 0.12268545193689491 0.011707856151965927
2 0.2375 0.58 0.380881758678062 0.19028980069959672
3 0.64375 0.5675 0.38088175867806195 0.1902898006995968
2 0.9575 0.97 0.08140465343664843 0.028337855766851872
0 0.105 0.43625 0.11381167877174649 0.007659195847031697
3 0.62875 0.21 0.38926335904364523 0.42288692573621356
2 0.225 0.2175 0.38922037647766805 0.43264639221959666
1 0.8075 0.41125 0.033944953917721815 0.007406833186543053
0 0.92125 0.4075 0.04760085737710739 0.005381119850232068
2 0.93875 0.20125 0.11192746565477918 0.4074561845503448
