3 0.8125 0.34 0.2617760535163599 0.35709252126699836
2 0.83625 0.06875 0.18877041734262293 0.1412736229990304
1 0.95 0.49375 0.012354451684449827 0.03286559031433413
0 0.95875 0.61125 0.00937581623631985 0.055224243761943154
1 0.97125 0.9525 0.010592400500226518 0.01783162589900911
2 0.60375 0.68625 0.7070789692289524 0.20636587914648494
3 0.6275 0.88125 0.6733486958821605 0.20521212009421488
5 0.085 0.48125 0.01716050855541889 0.10041160064141963
3 0.05875 0.90125 0.0999340489866969 0.18559821620562517
2 0.05125 0.70375 0.09993404898669687 0.18559821620562517
