3 0.50125 0.05875 0.355579956749487 0.12223777719341156
2 0.85125 0.045 0.2940988343846405 0.06726197075817675
2 0.1475 0.2675 0.22043811863868676 0.5384362995667321
3 0.03 0.24375 0.06428086569292013 0.49125909046580596
2 0.8025 0.9775 0.3265956714881564 0.04143047956125628
3 0.43625 0.96375 0.3527834230242295 0.06758463130290764
5 0.34 0.70625 0.10070923032732139 0.02060006517271347
4 0.94125 0.74625 0.08368089627270792 0.0256307765954557
3 0.00625 0.82 0.015241831177323917 0.28879699916877355
2 0.11 0.82875 0.20185490555909233 0.2993791066168761
