3 0.165 0.49375 0.24683918177945446 0.424810697983729
2 0.13 0.86875 0.18111188888317556 0.2570298083829012
1 0.03625 0.30125 0.011412857949704201 0.0375485351545278
3 0.39875 0.0475 0.7216668963564001 0.09862825350461835
0 0.03125 0.1925 0.007641164802369707 0.032532285949820654
2 0.35375 0.15625 0.6342003154240528 0.10775310315546414
3 0.9375 0.49875 0.12216617580836271 0.42302292799468655
2 0.93625 0.87125 0.12236244363878086 0.25460636343263604
2 0.9375 0.16 0.12000418436031594 0.10677591423230627
3 0.93875 0.04875 0.11950442754317962 0.09802599685548147
