3 0.1575 0.5025 0.27143978400887897 0.43846625052798116
2 0.1025 0.14125 0.19465298527653985 0.24721376145387958
1 0.04125 0.7025 0.013610898655446957 0.03813926087153902
3 0.4175 0.93125 0.7265451354984933 0.13432340620747824
0 0.0425 0.81125 0.009550662193884674 0.03291100716159121
2 0.3675 0.82875 0.6391426259879686 0.14507132992097424
3 0.92625 0.45125 0.14287299459969433 0.4297500121283647
2 0.90875 0.105 0.14225915254591698 0.21310578621199372
2 0.9425 0.79 0.11124992072401013 0.1141395435367555
3 0.94625 0.905 0.10394006445123892 0.11413954353675564
