3 0.345 0.1925 0.6788379799749876 0.1778321906063745
2 0.30375 0.0475 0.5957201246671645 0.09761312372705133
3 0.1325 0.87 0.23203137063189627 0.2567583699720042
2 0.1 0.53375 0.1728112141935002 0.3588282151966981
0 0.0075 0.40875 0.008356531688009206 0.108805712229736
3 0.89875 0.1875 0.19634310612751066 0.17278095266710566
2 0.8975 0.04375 0.19573253836225646 0.09135972806678733
3 0.90125 0.865 0.19311867494365614 0.26152819837850716
2 0.9 0.52625 0.19618136163710814 0.3615250949547341
0 0.79875 0.4025 0.004606648066400396 0.10877616862819145
