3 0.7325 0.7275 0.18681084820865848 0.5320048984058551
2 0.9125 0.76375 0.17115688415513902 0.45071694532003387
3 0.10125 0.95875 0.18228355210163305 0.0776833325110205
2 0.4 0.98375 0.35808257157032886 0.02826538385206277
0 0.96625 0.34375 0.05133315819256581 0.005145221898574661
3 0.7175 0.17375 0.18086051218556484 0.35117058002678286
2 0.9025 0.17125 0.18211004796319627 0.34612914208237394
3 0.08625 0.1875 0.17741697939624806 0.35980740748200346
2 0.38 0.18 0.3695404146078857 0.36295664441033343
0 0.50875 0.35625 0.10881180396360385 0.006712155313728801
