3 0.46625 0.77625 0.3633884750650504 0.44411547400755735
2 0.8225 0.79 0.3417574254067023 0.41637287274609025
3 0.0125 0.7675 0.029291803653220372 0.4074926131256876
2 0.1275 0.7775 0.21432148613615887 0.4112493894892313
3 0.4875 0.38875 0.3486377080362363 0.20713262778253147
2 0.83875 0.43375 0.31951577428368383 0.15742335419529682
1 0.32875 0.48 0.03168474209272518 0.010458980054669453
0 0.95625 0.515 0.0839671664813595 0.010856208350278678
0 0.21 0.4775 0.05768817197205038 0.00816139388325375
2 0.1575 0.23625 0.21921275831837062 0.4757547291214594
3 0.03 0.23 0.06070403804788205 0.46431879697713346
