3 0.545 0.1975 0.3423525404126536 0.39877748466017876
2 0.87 0.195 0.2568515949865848 0.39152098468007174
3 0.0475 0.1825 0.09719368466735169 0.36759926253039077
2 0.20625 0.18 0.1946623014131582 0.3638305304436116
3 0.5425 0.57 0.33986396577027267 0.1907566157494656
2 0.86875 0.5475 0.2594514208246986 0.14153280211533803
1 0.38875 0.46875 0.03130136713856494 0.008935264635443758
0 0.27125 0.465 0.05752865482708547 0.005341082319802979
2 0.2025 0.73375 0.19561906169646062 0.5273829154927562
3 0.04625 0.7225 0.09516288079001789 0.5068047613300564
