3 0.87125 0.73375 0.2461032056341361 0.20256280987688327
2 0.86625 0.92 0.2413574332156503 0.15550095402319586
3 0.88375 0.105 0.22898614958613295 0.19752545132154486
2 0.9025 0.39375 0.19050495758288036 0.33960587872519965
3 0.54125 0.7225 0.21736786126615343 0.20164494057603435
2 0.56375 0.91625 0.1613982141047417 0.1638814998135561
0 0.64375 0.98625 0.00837413873159008 0.02271253465198015
0 0.66375 0.50375 0.009439402865557866 0.10014856069316813
2 0.36625 0.37875 0.6029330466240088 0.3549946818952076
3 0.38875 0.09625 0.5695684483908748 0.1965155309398663
