3 0.78375 0.31375 0.42131782029416287 0.2116191704380774
2 0.7775 0.10375 0.41762159901709645 0.21158452425749993
3 0.79875 0.91625 0.39792152338133235 0.1553647530458173
2 0.81625 0.65375 0.36256242607636047 0.34817658313046124
3 0.36875 0.3325 0.21898441478518663 0.2034068007958773
2 0.38875 0.12 0.1640296626716374 0.20117628064614398
0 0.4675 0.04875 0.009876430902699128 0.059005828868982035
0 0.4925 0.55 0.010300349376054854 0.10017119931437726
2 0.24875 0.675 0.4994865566465655 0.35569319674524974
3 0.25875 0.92875 0.4915276552031988 0.13973853794660868
