0 0.73125 0.19875 0.14284944404407526 0.020480654744157754
2 0.17125 0.34625 0.34737110048629005 0.2279418765086065
3 0.595 0.315 0.453734365850223 0.23439408314282364
5 0.78375 0.925 0.12945724545973633 0.040566709836211176
4 0.0575 0.97625 0.05318215453976049 0.042974269865640055
0 0.94625 0.93125 0.029224775467176584 0.009599592277567126
2 0.9425 0.625 0.11132034149695415 0.6026942324200208
0 0.01125 0.19875 0.02536795190896446 0.007334591602226119
3 0.575 0.08375 0.4506926112940922 0.17046792863833876
2 0.16125 0.10375 0.32667570928209577 0.18671200373333321
2 0.915 0.08 0.09763813063214229 0.09648370809157708
