3 0.3 0.8675 0.25531047130062834 0.19387119349163115
2 0.08125 0.87 0.1652976924255627 0.14494955549395427
1 0.4 0.96875 0.021816707670416165 0.009301299227842747
0 0.52875 0.98375 0.08771322393816412 0.013758537686593115
2 0.65 0.7425 0.3311013760493649 0.5113318501447115
3 0.89625 0.7675 0.19953954435257515 0.460770946278002
5 0.425 0.33875 0.07189211849287623 0.03093259995354458
4 0.02625 0.30375 0.029165266717207983 0.03712961754430019
3 0.92375 0.21375 0.1489959455132025 0.3699454499900856
0 0.58125 0.36625 0.08771322393816405 0.013758537686593186
2 0.69875 0.1925 0.3183432210846665 0.37978249889366383
