3 0.79125 0.05875 0.24611124323205671 0.09998082545057026
2 0.965 0.0475 0.0669149084560209 0.04588630205996741
2 0.44375 0.19875 0.3143875304890017 0.40217619706777386
3 0.1475 0.1775 0.28170788892577925 0.3588505757499236
2 0.92125 0.97875 0.09748949500674713 0.037854110787420014
3 0.7325 0.97 0.24602444729906303 0.05566302452667429
5 0.68 0.54625 0.07143166372352183 0.029346103402453708
3 0.1275 0.7375 0.25757778463897685 0.48906254016933204
0 0.52375 0.52125 0.08771978056034563 0.0117319633139725
2 0.4075 0.75 0.3169860049724862 0.47597589951874325
